1
2
3
3
4
5
6
7
5
9
10
11
12
13
14
7
16
17
18
19
20
21
22
23
9
25
26
27
28
29
30
31
32
33
34
11
36
37
38
39
40
41
42
43
44
45
46
47
13
1
2
3
3
4
5
6
7
5
9
10
11
12
13
14
7
16
17
18
19
20
21
22
23
9
25
26
27
28
29
30
31
32
33
34
11
36
37
38
39
40
41
42
43
44
45
46
47
1
2
3
3
4
5
6
7
5
9
10
11
12
13
14
7
16
17
18
19
20
21
22
23
9
25
26
27
28
29
30
31
32
33
34
11
36
37
38
39
40
41
42
43
44
45
46
1
2
3
3
4
5
6
7
5
9
10
11
12
13
14
7
16
17
18
19
20
21
22
23
9
25
26
27
28
29
30
31
32
33
34
11
36
37
38
39
40
41
42
43
44
45
1
2
3
3
4
5
6
7
5
9
10
11
12
13
14
7
16
17
18
19
20
21
22
23
9
25
26
27
28
29
30
31
32
33
34
11
36
37
38
39
40
41
42
43
44
1
2
3
3
4
5
6
7
5
9
10
11
12
13
14
7
16
17
18
19
20
21
22
23
9
25
26
27
28
29
30
31
32
33
34
11
36
37
38
39
40
41
42
43
1
2
3
3
4
5
6
7
5
9
10
11
12
13
14
7
16
17
18
19
20
21
22
23
9
25
26
27
28
29
30
31
32
33
34
11
36
37
38
39
40
41
42
1
2
3
3
4
5
6
7
5
9
10
11
12
13
14
7
16
17
18
19
20
21
22
23
9
25
26
27
28
29
30
31
32
33
34
11
36
37
38
39
40
41
1
2
3
3
4
5
6
7
5
9
10
11
12
13
14
7
16
17
18
19
20
21
22
23
9
25
26
27
28
29
30
31
32
33
34
11
36
37
38
39
40
1
2
3
3
4
5
6
7
5
9
10
11
12
13
14
7
16
17
18
19
20
21
22
23
9
25
26
27
28
29
30
31
32
33
34
11
36
37
38
39
1
2
3
3
4
5
6
7
5
9
10
11
12
13
14
7
16
17
18
19
20
21
22
23
9
25
26
27
28
29
30
31
32
33
34
11
36
37
38
1
2
3
3
4
5
6
7
5
9
10
11
12
13
14
7
16
17
18
19
20
21
22
23
9
25
26
27
28
29
30
31
32
33
34
11
36
37
1
2
3
3
4
5
6
7
5
9
10
11
12
13
14
7
16
17
18
19
20
21
22
23
9
25
26
27
28
29
30
31
32
33
34
11
36
1
2
3
3
4
5
6
7
5
9
10
11
12
13
14
7
16
17
18
19
20
21
22
23
9
25
26
27
28
29
30
31
32
33
34
11
1
2
3
3
4
5
6
7
5
9
10
11
12
13
14
7
16
17
18
19
20
21
22
23
9
25
26
27
28
29
30
31
32
33
34
1
2
3
3
4
5
6
7
5
9
10
11
12
13
14
7
16
17
18
19
20
21
22
23
9
25
26
27
28
29
30
31
32
33
1
2
3
3
4
5
6
7
5
9
10
11
12
13
14
7
16
17
18
19
20
21
22
23
9
25
26
27
28
29
30
31
32
1
2
3
3
4
5
6
7
5
9
10
11
12
13
14
7
16
17
18
19
20
21
22
23
9
25
26
27
28
29
30
31
1
2
3
3
4
5
6
7
5
9
10
11
12
13
14
7
16
17
18
19
20
21
22
23
9
25
26
27
28
29
30
1
2
3
3
4
5
6
7
5
9
10
11
12
13
14
7
16
17
18
19
20
21
22
23
9
25
26
27
28
29
1
2
3
3
4
5
6
7
5
9
10
11
12
13
14
7
16
17
18
19
20
21
22
23
9
25
26
27
28
1
2
3
3
4
5
6
7
5
9
10
11
12
13
14
7
16
17
18
19
20
21
22
23
9
25
26
27
1
2
3
3
4
5
6
7
5
9
10
11
12
13
14
7
16
17
18
19
20
21
22
23
9
25
26
1
2
3
3
4
5
6
7
5
9
10
11
12
13
14
7
16
17
18
19
20
21
22
23
9
25
1
2
3
3
4
5
6
7
5
9
10
11
12
13
14
7
16
17
18
19
20
21
22
23
9
1
2
3
3
4
5
6
7
5
9
10
11
12
13
14
7
16
17
18
19
20
21
22
23
1
2
3
3
4
5
6
7
5
9
10
11
12
13
14
7
16
17
18
19
20
21
22
1
2
3
3
4
5
6
7
5
9
10
11
12
13
14
7
16
17
18
19
20
21
1
2
3
3
4
5
6
7
5
9
10
11
12
13
14
7
16
17
18
19
20
1
2
3
3
4
5
6
7
5
9
10
11
12
13
14
7
16
17
18
19
1
2
3
3
4
5
6
7
5
9
10
11
12
13
14
7
16
17
18
1
2
3
3
4
5
6
7
5
9
10
11
12
13
14
7
16
17
1
2
3
3
4
5
6
7
5
9
10
11
12
13
14
7
16
1
2
3
3
4
5
6
7
5
9
10
11
12
13
14
7
1
2
3
3
4
5
6
7
5
9
10
11
12
13
14
1
2
3
3
4
5
6
7
5
9
10
11
12
13
1
2
3
3
4
5
6
7
5
9
10
11
12
1
2
3
3
4
5
6
7
5
9
10
11
1
2
3
3
4
5
6
7
5
9
10
1
2
3
3
4
5
6
7
5
9
1
2
3
3
4
5
6
7
5
1
2
3
3
4
5
6
7
1
2
3
3
4
5
6
1
2
3
3
4
5
1
2
3
3
4
1
2
3
3
1
2
3
1
2
1
