24
8
0
0
38
19
0
14
0
12
0
0
0
0
0
94
0
0
0
81
0
0
0
0
27
9
8
0
22
14
0
0
0
10
102
18
72
0
0
20
0
39
38
3
35
87
81
49
45
0
0
0
9
31
0
0
36
99
43
69
31
0
3
98
14
0
0
80
31
0
69
0
8
0
74
0
0
41
0
0
26
88
66
0
8
47
0
9
0
113
39
0
155
0
46
3
0
0
24
0
0
70
40
11
0
0
106
0
0
0
23
0
38
0
51
0
80
23
0
13
0
0
0
71
0
0
13
0
37
0
28
0
19
0
38
0
0
75
12
0
0
74
0
0
0
4
40
44
21
16
0
0
0
21
49
157
42
0
33
68
0
29
61
39
99
39
63
41
14
4
36
34
44
19
37
31
0
28
59
14
3
79
0
0
0
39
0
0
0
0
49
9
0
86
23
50
54
32
0
37
4
14
0
0
14
1
7
48
0
35
0
52
0
117
22
0
0
100
28
0
121
0
43
55
0
10
0
0
19
0
17
18
99
71
0
69
0
53
0
0
0
89
0
0
68
0
80
0
0
5
0
0
107
35
0
0
